10
129
95
65
179
209
108
76
93
206
93
23
146
234
62
225
38
38
2
18
207
74
167
41
42
180
114
8
195
252
177
70
209
211
200
11
54
200
2
84
31
218
73
239
129
5
11
239
9
19
218
52
252
13
32
128
137
31
130
174
135
250
237
78
170
214
40
77
43
65
151
133
82
189
178
140
181
211
80
241
63
231
72
91
155
237
239
194
134
27
11
158
29
173
79
245
228
141
181
227
114
68
59
73
170
71
182
134
9
175
52
19
43
152
172
205
78
150
55
167
143
70
149
96
161
65
44
137
33
40
99
140
17
179
37
152
117
68
109
141
116
247
201
10
113
29
150
235
39
132
45
159
33
242
50
253
47
180
159
98
198
180
206
178
110
151
234
24
228
217
111
212
50
178
68
91
25
58
141
177
138
115
91
94
159
96
230
60
189
116
240
210
233
116
6
128
151
76
227
168
27
172
118
253
82
155
125
17
68
112
183
49
54
51
204
234
182
216
135
130
157
67
222
165
213
244
65
127
159
46
187
147
242
22
221
65
9
36
150
6
246
197
246
183
149
79
224
112
169
156
161
215
71
161
160
67
220
217
11
64
190
123
37
25
35
212
135
108
39
158
32
227
142
53
59
74
231
122
125
55
172
210
219
18
192
92
246
23
91
57
172
173
117
27
109
227
57
45
110
160
170
177
98
3
174
107
204
105
129
121
52
76
204
113
136
42
145
111
59
75
154
84
14
2
38
211
92
94
127
244
241
43
126
57
139
167
199
127
11
36
131
183
109
112
3
163
250
254
151
27
27
199
131
144
204
143
29
8
39
193
205
180
204
22
245
183
239
120
206
216
7
25
83
116
75
119
86
46
41
181
30
189
249
112
12
47
65
150
32
249
26
25
233
237
255
123
46
125
38
59
167
221
204
245
51
171
220
64
101
64
118
185
236
247
140
97
158
124
168
28
182
225
62
163
37
192
36
222
87
40
173
143
3
54
105
116
215
172
22
229
72
90
116
59
78
95
35
25
39
88
47
113
224
79
60
73
172
61
140
231
56
84
107
22
30
15
42
143
222
41
106
203
79
234
216
204
25
161
200
215
74
180
147
154
69
23
37
155
202
25
22
151
142
41
200
67
229
148
246
56
159
233
156
192
33
166
173
6
129
165
21
223
82
30
193
127
195
253
48
245
252
186
104
166
160
234
3
250
6
231
109
195
146
15
160
77
55
138
119
108
111
223
29
131
247
211
69
151
85
15
130
64
125
237
129
21
79
235
148
125
187
137
91
138
18
230
95
64
214
78
1
130
31
121
151
162
155
28
244
150
127
117
173
29
2
224
104
239
204
122
231
207
188
139
133
84
172
10
246
30
85
251
86
177
180
177
33
196
132
128
132
143
234
248
210
15
63
235
212
252
24
132
51
29
181
245
216
133
12
186
75
67
169
133
246
111
245
0
181
150
129
193
231
65
107
218
183
113
17
96
233
73
236
231
59
233
230
110
53
84
4
63
114
62
62
156
164
248
36
23
49
114
236
135
226
221
186
87
186
62
157
56
255
62
254
172
223
67
179
5
231
55
100
124
161
115
122
176
41
9
34
186
27
116
172
198
3
78
238
248
146
163
18
125
200
215
35
225
147
36
119
34
54
9
188
27
127
38
255
99
23
174
150
87
210
184
194
193
15
138
222
127
218
181
138
43
136
53
237
18
66
3
110
73
135
25
231
76
150
235
52
142
213
28
255
255
108
197
201
44
110
176
15
108
169
201
210
165
213
62
154
15
36
67
207
232
57
2
95
205
104
250
254
33
46
65
202
177
212
209
16
167
20
91
222
241
117
45
68
249
231
150
226
22
24
21
167
226
40
251
20
80
120
250
182
88
70
153
228
59
219
72
187
30
201
18
2
220
41
139
24
163
109
72
171
85
3
4
248
91
238
197
10
218
154
185
178
158
84
226
104
208
17
59
152
163
16
83
176
253
127
33
208
1
219
183
235
241
234
169
181
202
156
168
103
14
131
90
12
152
8
33
168
244
144
232
71
86
2
4
46
215
152
70
217
122
185
217
23
33
146
200
122
135
80
191
72
17
57
7
237
209
14
16
161
10
219
80
178
123
28
104
222
110
213
92
128
112
207
15
137
12
20
158
122
213
238
151
114
222
176
137
60
163
86
214
133
222
42
239
57
241
99
201
240
46
44
240
172
224
76
232
19
165
116
236
113
180
168
225
229
208
180
210
83
246
18
39
194
157
158
104
106
192
23
207
169
36
156
52
247
97
116
5
232
173
127
60
70
38
126
219
24
240
18
166
237
3
221
118
152
72
13
33
