00000000
00000000
00000000
00000000
00000000
01100000
01110010
01001001
00101110
10001001
11001000
01111111
00010001
10010001
00100100
01001001
10010010
00100100
00000000
00000000
00000000
00000000
00000000
01100000
00100010
00100010
10001001
01001000
00010010
10010001
00100100
00100010
00100010
10001001
01001000
00010010
10010001
00100100
00100010
00100010
10001001
01001000
00010010
10010001
00100100
00100010
00100010
10001001
01001000
00010010
10010001
00100100
00100010
00100010
10001001
01001000
00010010
10010001
00100100
00100010
00100010
10001001
01001000
00010010
10010001
00100100
00100010
00100010
10001001
01001000
00010010
10010001
00100100
00100010
00100010
10001001
01001000
00010010
10010001
00100100
00100010
00100010
10001001
01001000
00010010
10010001
00100100
00100010
00100010
11101101
10110110
01101101
01101101
11011011
01101101
10101010
11101101
11111111
11111111
10101010
00100010
01111111
11011011
00100100
01101101
01011011
00000000
00000000
00000000
00000000
00000000
00100000
10001001
01001000
01011011
00010100
11101011
10110110
11111111
01111111
10010010
01101101
10111111
11011001
01111111
00000000
00000000
00000000
00000000
00000000
00110000
10010001
11111111
11011011
10110110
10110110
00111111
00000000
00000000
00000000
00000000
00000000
10010000
00100100
11011011
00110110
10010001
10110110
10010000
10110110
10001001
11011001
00110110
01001000
01011011
00000000
00000000
10000000
00000000
00000000
00000000
00000000
01100000
00000000
00000010
00000000
00000000
00000000
00000000
00000000
00100100
00101000
01110110
10010001
10110110
00100010
00001100
11000101
00110000
00000000
00000000
00000000
00000000
00000000
00110000
01010101
00010001
10010001
00100100
00101000
10100100
10001001
00001000
01110110
01010101
10010001
00100100
10010000
10110110
00001001
00000000
00000000
00000000
00000000
00000000
10011000
00001000
01110110
10010001
00100100
00100010
11101100
00100010
00000000
00000000
00000000
00000000
00000000
01100000
10101010
00100010
00100010
11001001
11111111
00100100
00001001
01110110
01010101
10010001
00100100
01011000
00010010
00010001
00000000
00000000
00000000
00000000
00000000
00110000
00010001
11101100
00100010
10001001
00011001
10100101
01111111
00010010
10110011
11111111
11001001
01111111
01101010
00100010
00000000
00000000
00000000
00000000
00000000
00010000
01000100
11010101
11101100
00001100
01000101
00010000
00010100
01000011
11010001
11111111
00111000
00100010
00001001
11010110
01101101
11001000
01111111
00000000
00000000
00000000
00000000
00000000
10111000
00001000
01110110
00010001
10110011
11111111
11101100
00100010
00000000
00000000
00000000
00000000
00000000
00010000
01000100
11010101
11101100
11101100
00011011
10001010
01100001
00100010
00000000
00000000
00000000
00000000
00000000
01010000
11100010
11001000
11111111
00100100
00111111
10100101
00010100
00000011
00000000
00000000
00000000
00000000
00000000
01110010
00110011
00010001
00110011
00010001
00010001
11010101
10110110
11001001
11111111
11111111
00100010
11111111
01111111
00000000
00000000
00000000
00000000
00000000
00100000
10001001
10001000
11001000
11111111
11111111
10001001
11001000
11111111
11111111
00100010
00100010
00100010
00100010
00100010
10001001
10101010
10001000
00001000
10100101
00001001
01110110
00010001
00000000
00000000
00001110
00000000
00101000
11100111
00000000
01100000
00000000
00000000
00000010
00000000
00011001
00001110
00000000
00101000
00000000
11100000
00000000
00010000
00000000
11000000
00000000
00010010
00000000
00000000
10000000
00000010
00000001
00000000
00100000
00000000
10000000
00000001
00000000
00001010
00000000
00101000
01010000
01010101
01110111
00100000
00000000
00111000
00100001
11000000
00000000
00000000
00000000
00000000
00000000
01100000
11000100
11011101
00011101
11100101
00000000
00000000
00001010
00000110
00010000
00000100
00000000
00000000
11010100
00011101
00010100
00000000
00000000
00000000
00000000
00000000
11001000
01111111
01000000
00110110
01010101
01011000
01011011
00010001
00000000
10100000
00000000
00000000
00000000
00000000
00001010
00000000
00001110
10111000
10111011
00